bol1 1 1000001 2.500000
bol1 1000001 2000001 2.500000
bol1 2000001 3000001 2.500000
bol1 3000001 4000001 2.500000
bol1 4000001 5000001 2.500000
bol1 5000001 6000001 2.500000
bol1 6000001 7000001 2.500000
bol1 7000001 8000001 2.500000
bol1 8000001 9000001 2.500000
bol1 9000001 10000001 2.500000
bol1 10000001 11000001 2.500000
bol1 11000001 12000001 2.500000
bol1 12000001 13000001 2.500000
bol1 13000001 14000001 2.500000
bol1 14000001 15000001 2.500000
bol1 15000001 16000001 2.500000
bol1 16000001 17000001 2.500000
bol1 17000001 18000001 2.500000
bol1 18000001 19000001 2.500000
bol1 19000001 20000001 2.500000
bol1 20000001 21000001 2.500000
bol1 21000001 22000001 2.500000
bol1 22000001 23000001 2.500000
bol1 23000001 24000001 2.500000
bol1 24000001 25000001 2.500000
bol1 25000001 26000001 2.500000
bol1 26000001 27000001 2.500000
bol1 27000001 28000001 2.500000
bol1 28000001 29000001 2.500000
bol1 29000001 30000001 2.500000
bol1 30000001 31000001 2.500000
bol1 31000001 32000001 2.500000
bol1 32000001 33000001 2.500000
bol1 33000001 34000001 2.500000
bol1 34000001 35000001 2.500000
bol1 35000001 36000001 2.500000
bol1 36000001 37000001 2.500000
bol1 37000001 38000001 2.500000
bol1 38000001 39000001 2.500000
bol1 39000001 40000001 2.500000
bol1 40000001 41000001 2.500000
bol1 41000001 42000001 2.500000
bol1 42000001 43000001 2.500000
bol1 43000001 43764888 2.500000
bol2 1 1000001 2.500000
bol2 1000001 2000001 2.500000
bol2 2000001 3000001 2.500000
bol2 3000001 4000001 2.500000
bol2 4000001 5000001 2.500000
bol2 5000001 6000001 2.500000
bol2 6000001 7000001 2.500000
bol2 7000001 8000001 2.500000
bol2 8000001 9000001 2.500000
bol2 9000001 10000001 2.500000
bol2 10000001 11000001 2.500000
bol2 11000001 12000001 2.500000
bol2 12000001 13000001 2.500000
bol2 13000001 14000001 2.500000
bol2 14000001 15000001 2.500000
bol2 15000001 16000001 2.500000
bol2 16000001 17000001 2.500000
bol2 17000001 18000001 2.500000
bol2 18000001 19000001 2.500000
bol2 19000001 20000001 2.500000
bol2 20000001 21000001 2.500000
bol2 21000001 22000001 2.500000
bol2 22000001 23000001 2.500000
bol2 23000001 24000001 2.500000
bol2 24000001 25000001 2.500000
bol2 25000001 26000001 2.500000
bol2 26000001 27000001 2.500000
bol2 27000001 28000001 2.500000
bol2 28000001 29000001 2.500000
bol2 29000001 30000001 2.500000
bol2 30000001 31000001 2.500000
bol2 31000001 32000001 2.500000
bol2 32000001 33000001 2.500000
bol2 33000001 34000001 2.500000
bol2 34000001 35000001 2.500000
bol2 35000001 36000001 2.500000
bol2 36000001 37000001 2.500000
bol2 37000001 38000001 2.500000
bol2 38000001 39000001 2.500000
bol2 39000001 40000001 2.500000
bol2 40000001 41000001 2.500000
bol2 41000001 42000001 2.500000
bol2 42000001 43000001 2.500000
bol2 43000001 44000001 2.500000
bol2 44000001 45000001 2.500000
bol2 45000001 46000001 2.500000
bol2 46000001 47000001 2.500000
bol2 47000001 48000001 2.500000
bol2 48000001 49000001 2.500000
bol2 49000001 50000001 2.500000
bol2 50000001 51000001 2.500000
bol2 51000001 52000001 2.500000
bol2 52000001 52886895 2.500000
bol3 1 1000001 2.500000
bol3 1000001 2000001 2.500000
bol3 2000001 3000001 2.500000
bol3 3000001 4000001 2.500000
bol3 4000001 5000001 2.500000
bol3 5000001 6000001 2.500000
bol3 6000001 7000001 2.500000
bol3 7000001 8000001 2.500000
bol3 8000001 9000001 2.500000
bol3 9000001 10000001 2.500000
bol3 10000001 11000001 2.500000
bol3 11000001 12000001 2.500000
bol3 12000001 13000001 2.500000
bol3 13000001 14000001 2.730649
bol3 14000001 15000001 3.344305
bol3 15000001 16000001 3.627555
bol3 16000001 17000001 3.704060
bol3 17000001 18000001 3.872387
bol3 18000001 19000001 3.652025
bol3 19000001 20000001 3.899656
bol3 20000001 21000001 3.248917
bol3 21000001 22000001 2.912478
bol3 22000001 23000001 4.148761
bol3 23000001 24000001 3.851276
bol3 24000001 25000001 2.500000
bol3 25000001 26000001 2.500000
bol3 26000001 27000001 2.500000
bol3 27000001 28000001 2.500000
bol3 28000001 29000001 2.500000
bol3 29000001 30000001 2.500000
bol3 30000001 31000001 2.500000
bol3 31000001 32000001 2.548004
bol3 32000001 33000001 2.596575
bol3 33000001 34000001 2.500000
bol3 34000001 35000001 2.500000
bol3 35000001 36000001 2.500000
bol3 36000001 37000001 2.500000
bol3 37000001 38000001 2.500000
bol3 38000001 39000001 2.500000
bol3 39000001 40000001 2.500000
bol3 40000001 41000001 2.500000
bol3 41000001 42000001 2.500000
bol3 42000001 43000001 2.500000
bol3 43000001 44000001 2.500000
bol3 44000001 45000001 2.500000
bol3 45000001 46000001 2.500000
bol3 46000001 47000001 2.500000
bol3 47000001 48000001 2.500000
bol3 48000001 49000001 2.500000
bol3 49000001 50000001 2.500000
bol3 50000001 51000001 2.500000
bol3 51000001 52000001 2.500000
bol3 52000001 53000001 2.500000
bol3 53000001 54000001 2.500000
bol3 54000001 55000001 2.554580
bol3 55000001 56000001 2.500000
bol3 56000001 57000001 2.500000
bol3 57000001 58000001 2.500000
bol3 58000001 59000001 2.500000
bol3 59000001 60000001 2.500000
bol3 60000001 61000001 2.500000
bol3 61000001 62000001 2.500000
bol3 62000001 63000001 2.500000
bol3 63000001 64000001 2.500000
bol3 64000001 64984695 2.500000
bol4 1 1000001 2.500000
bol4 1000001 2000001 2.500000
bol4 2000001 3000001 2.500000
bol4 3000001 4000001 2.500000
bol4 4000001 5000001 2.500000
bol4 5000001 6000001 2.500000
bol4 6000001 7000001 2.500000
bol4 7000001 8000001 2.500000
bol4 8000001 9000001 2.500000
bol4 9000001 10000001 2.500000
bol4 10000001 11000001 2.500000
bol4 11000001 12000001 2.500000
bol4 12000001 13000001 2.500000
bol4 13000001 14000001 2.500000
bol4 14000001 15000001 2.500000
bol4 15000001 16000001 2.500000
bol4 16000001 17000001 2.500000
bol4 17000001 18000001 2.500000
bol4 18000001 19000001 2.500000
bol4 19000001 20000001 2.500000
bol4 20000001 21000001 2.500000
bol4 21000001 22000001 2.500000
bol4 22000001 23000001 2.500000
bol4 23000001 24000001 2.500000
bol4 24000001 25000001 2.500000
bol4 25000001 26000001 2.500000
bol4 26000001 27000001 2.500000
bol4 27000001 28000001 2.500000
bol4 28000001 29000001 2.500000
bol4 29000001 30000001 2.500000
bol4 30000001 31000001 2.500000
bol4 31000001 32000001 2.500000
bol4 32000001 33000001 2.500000
bol4 33000001 34000001 2.500000
bol4 34000001 35000001 2.500000
bol4 35000001 36000001 2.500000
bol4 36000001 37000001 2.500000
bol4 37000001 38000001 2.500000
bol4 38000001 39000001 2.500000
bol4 39000001 40000001 2.500000
bol4 40000001 41000001 2.500000
bol4 41000001 42000001 2.500000
bol4 42000001 43000001 2.717795
bol4 43000001 44000001 2.932668
bol4 44000001 45000001 2.590617
bol4 45000001 46000001 2.938867
bol4 46000001 47000001 2.581643
bol4 47000001 48000001 2.500000
bol4 48000001 49000001 2.500000
bol4 49000001 50000001 2.500000
bol4 50000001 51000001 2.500000
bol4 51000001 52000001 2.500000
bol4 52000001 53000001 2.500000
bol4 53000001 53719093 2.500000
bol5 1 1000001 2.500000
bol5 1000001 2000001 2.500000
bol5 2000001 3000001 2.500000
bol5 3000001 4000001 2.500000
bol5 4000001 5000001 2.500000
bol5 5000001 6000001 2.500000
bol5 6000001 7000001 2.500000
bol5 7000001 8000001 2.500000
bol5 8000001 9000001 2.500000
bol5 9000001 10000001 2.500000
bol5 10000001 11000001 2.500000
bol5 11000001 12000001 2.500000
bol5 12000001 13000001 2.500000
bol5 13000001 14000001 2.500000
bol5 14000001 15000001 2.500000
bol5 15000001 16000001 2.500000
bol5 16000001 17000001 2.500000
bol5 17000001 18000001 2.500000
bol5 18000001 19000001 2.500000
bol5 19000001 20000001 2.500000
bol5 20000001 21000001 2.500000
bol5 21000001 22000001 2.500000
bol5 22000001 23000001 2.500000
bol5 23000001 24000001 2.500000
bol5 24000001 25000001 2.500000
bol5 25000001 26000001 2.500000
bol5 26000001 27000001 2.500000
bol5 27000001 28000001 2.500000
bol5 28000001 29000001 2.500000
bol5 29000001 30000001 2.500000
bol5 30000001 31000001 2.500000
bol5 31000001 32000001 2.500000
bol5 32000001 33000001 2.500000
bol5 33000001 34000001 2.500000
bol5 34000001 35000001 2.500000
bol5 35000001 36000001 2.500000
bol5 36000001 37000001 2.500000
bol5 37000001 38000001 2.500000
bol5 38000001 39000001 2.500000
bol5 39000001 40000001 2.500000
bol5 40000001 41000001 2.500000
bol5 41000001 42000001 2.500000
bol5 42000001 43000001 2.500000
bol5 43000001 44000001 2.500000
bol5 44000001 45000001 2.500000
bol5 45000001 46000001 2.500000
bol5 46000001 46902585 2.500000
bol6 1 1000001 2.500000
bol6 1000001 2000001 2.500000
bol6 2000001 3000001 2.500000
bol6 3000001 4000001 2.500000
bol6 4000001 5000001 2.500000
bol6 5000001 6000001 2.500000
bol6 6000001 7000001 2.500000
bol6 7000001 8000001 2.500000
bol6 8000001 9000001 2.500000
bol6 9000001 10000001 2.500000
bol6 10000001 11000001 2.500000
bol6 11000001 12000001 2.500000
bol6 12000001 13000001 2.500000
bol6 13000001 14000001 2.500000
bol6 14000001 15000001 3.840523
bol6 15000001 16000001 3.714549
bol6 16000001 17000001 4.407174
bol6 17000001 18000001 4.294901
bol6 18000001 19000001 2.500000
bol6 19000001 20000001 2.500000
bol6 20000001 21000001 2.500000
bol6 21000001 22000001 2.500000
bol6 22000001 23000001 2.774318
bol6 23000001 24000001 3.349512
bol6 24000001 25000001 4.072837
bol6 25000001 26000001 3.290676
bol6 26000001 27000001 4.498885
bol6 27000001 28000001 5.292050
bol6 28000001 29000001 4.081722
bol6 29000001 30000001 3.873047
bol6 30000001 31000001 3.856395
bol6 31000001 32000001 5.063903
bol6 32000001 33000001 6.672489
bol6 33000001 34000001 5.579230
bol6 34000001 35000001 4.413067
bol6 35000001 36000001 3.294868
bol6 36000001 37000001 2.848638
bol6 37000001 38000001 5.088541
bol6 38000001 39000001 7.257268
bol6 39000001 39822476 6.953824
bol7 1 1000001 2.500000
bol7 1000001 2000001 2.500000
bol7 2000001 3000001 2.500000
bol7 3000001 4000001 2.500000
bol7 4000001 5000001 2.500000
bol7 5000001 6000001 2.500000
bol7 6000001 7000001 2.500000
bol7 7000001 8000001 2.500000
bol7 8000001 9000001 2.500000
bol7 9000001 10000001 2.500000
bol7 10000001 11000001 2.500000
bol7 11000001 12000001 2.500000
bol7 12000001 13000001 2.500000
bol7 13000001 14000001 2.500000
bol7 14000001 15000001 2.500000
bol7 15000001 16000001 2.500000
bol7 16000001 17000001 2.500000
bol7 17000001 18000001 2.500000
bol7 18000001 19000001 2.500000
bol7 19000001 20000001 2.500000
bol7 20000001 21000001 2.500000
bol7 21000001 22000001 2.500000
bol7 22000001 23000001 2.500000
bol7 23000001 24000001 2.500000
bol7 24000001 25000001 2.500000
bol7 25000001 26000001 2.500000
bol7 26000001 27000001 2.664492
bol7 27000001 28000001 2.893662
bol7 28000001 29000001 2.770167
bol7 29000001 30000001 2.585875
bol7 30000001 31000001 2.500000
bol7 31000001 32000001 2.500000
bol7 32000001 33000001 3.050260
bol7 33000001 34000001 4.528076
bol7 34000001 35000001 4.748693
bol7 35000001 36000001 3.913233
bol7 36000001 37000001 3.824991
bol7 37000001 38000001 4.346062
bol7 38000001 39000001 4.149297
bol7 39000001 40000001 4.298232
bol7 40000001 41000001 3.532269
bol7 41000001 42000001 2.500000
bol7 42000001 43000001 2.500000
bol7 43000001 44000001 2.500000
bol7 44000001 45000001 2.500000
bol7 45000001 46000001 2.500000
bol7 46000001 47000001 2.500000
bol7 47000001 48000001 2.500000
bol7 48000001 48366697 2.500000
bol8 1 1000001 2.500000
bol8 1000001 2000001 2.500000
bol8 2000001 3000001 2.500000
bol8 3000001 4000001 2.500000
bol8 4000001 5000001 2.500000
bol8 5000001 6000001 2.500000
bol8 6000001 7000001 2.640781
bol8 7000001 8000001 2.500000
bol8 8000001 9000001 2.500000
bol8 9000001 10000001 2.500000
bol8 10000001 11000001 2.500000
bol8 11000001 12000001 2.500000
bol8 12000001 13000001 2.722773
bol8 13000001 14000001 2.759610
bol8 14000001 15000001 2.500000
bol8 15000001 16000001 2.500000
bol8 16000001 17000001 2.500000
bol8 17000001 18000001 2.500000
bol8 18000001 19000001 2.500000
bol8 19000001 20000001 2.500000
bol8 20000001 21000001 2.500000
bol8 21000001 22000001 2.692499
bol8 22000001 23000001 3.017084
bol8 23000001 24000001 3.139506
bol8 24000001 25000001 2.925245
bol8 25000001 26000001 2.727471
bol8 26000001 27000001 2.666366
bol8 27000001 28000001 2.500000
bol8 28000001 29000001 2.500000
bol8 29000001 30000001 2.500000
bol8 30000001 31000001 2.500000
bol8 31000001 32000001 2.500000
bol8 32000001 33000001 2.500000
bol8 33000001 34000001 2.500000
bol8 34000001 35000001 2.500000
bol8 35000001 36000001 2.500000
bol8 36000001 37000001 2.500000
bol8 37000001 38000001 2.500000
bol8 38000001 39000001 2.500000
bol8 39000001 40000001 2.500000
bol8 40000001 41000001 2.500000
bol8 41000001 41758685 2.500000
bol9 1 1000001 2.500000
bol9 1000001 2000001 2.500000
bol9 2000001 3000001 2.500000
bol9 3000001 4000001 2.500000
bol9 4000001 5000001 2.500000
bol9 5000001 6000001 2.523707
bol9 6000001 7000001 2.800006
bol9 7000001 8000001 2.888362
bol9 8000001 9000001 2.746649
bol9 9000001 10000001 2.904257
bol9 10000001 11000001 2.652134
bol9 11000001 12000001 3.369544
bol9 12000001 13000001 4.087977
bol9 13000001 14000001 4.050588
bol9 14000001 15000001 3.132654
bol9 15000001 16000001 3.338929
bol9 16000001 17000001 3.273177
bol9 17000001 18000001 3.090219
bol9 18000001 19000001 2.500000
bol9 19000001 20000001 2.558206
bol9 20000001 21000001 2.541015
bol9 21000001 22000001 2.500000
bol9 22000001 23000001 2.500000
bol9 23000001 24000001 2.500000
bol9 24000001 25000001 2.500000
bol9 25000001 26000001 2.500000
bol9 26000001 27000001 2.500000
bol9 27000001 28000001 2.500000
bol9 28000001 29000001 2.500000
bol9 29000001 30000001 2.500000
bol9 30000001 31000001 2.500000
bol9 31000001 32000001 2.500000
bol9 32000001 33000001 2.500000
bol9 33000001 34000001 2.500000
bol9 34000001 35000001 2.558028
bol9 35000001 36000001 2.652829
bol9 36000001 37000001 2.528408
bol9 37000001 38000001 2.500000
bol9 38000001 39000001 2.529148
bol9 39000001 40000001 2.560548
bol9 40000001 41000001 2.533024
bol9 41000001 42000001 2.500000
bol9 42000001 43000001 2.500000
bol9 43000001 44000001 2.500000
bol9 44000001 45000001 2.500000
bol9 45000001 46000001 2.500000
bol9 46000001 47000001 2.500000
bol9 47000001 48000001 2.802474
bol9 48000001 49000001 3.312650
bol9 49000001 50000001 2.894682
bol9 50000001 51000001 2.500000
bol9 51000001 52000001 2.500000
bol9 52000001 53000001 2.500000
bol9 53000001 54000001 2.500000
bol9 54000001 54679868 2.514529
